#DEBUG: Plot da função f(x,y)
#hx: 0.05 - hy: 0.100.000000 0.000000 94369.915709
0.000000 0.100000 68928.040227
0.000000 0.200000 50345.225850
0.000000 0.300000 36772.288140
0.000000 0.400000 26858.577799
0.000000 0.500000 19617.576936
0.000000 0.600000 14328.730210
0.000000 0.700000 10465.742043
0.000000 0.800000 7644.204698
0.000000 0.900000 5583.345692
0.000000 1.000000 4078.087993
0.000000 1.100000 2978.642713
0.000000 1.200000 2175.603544
0.000000 1.300000 1589.059689
0.000000 1.400000 1160.643897
0.000000 1.500000 847.724315
0.000000 1.600000 619.162171
0.000000 1.700000 452.213140
0.000000 1.800000 330.264047
0.000000 1.900000 241.179683
0.000000 2.000000 176.095220
0.000000 2.100000 128.534073
0.000000 2.200000 93.763412
0.000000 2.300000 68.323191
0.000000 2.400000 49.681843
0.000000 2.500000 35.984357
0.000000 2.600000 25.867691
0.000000 2.700000 18.325132
0.000000 2.800000 12.606114
0.000000 2.900000 8.141537
0.000000 3.000000 4.487128
0.000000 3.100000 1.279235
0.050000 0.000000 66113.813297
0.050000 0.100000 48290.947152
0.050000 0.200000 35273.535452
0.050000 0.300000 25766.209550
0.050000 0.400000 18822.891055
0.050000 0.500000 13752.647140
0.050000 0.600000 10050.935491
0.050000 0.700000 7349.397072
0.050000 0.800000 5379.200549
0.050000 0.900000 3944.290757
0.050000 1.000000 2901.879158
0.050000 1.100000 2148.234895
0.050000 1.200000 1608.362477
0.050000 1.300000 1228.538952
0.050000 1.400000 970.967905
0.050000 1.500000 810.018323
0.050000 1.600000 729.674038
0.050000 1.700000 721.939954
0.050000 1.800000 786.046448
0.050000 1.900000 928.372787
0.050000 2.000000 1163.081930
0.050000 2.100000 1513.529893
0.050000 2.200000 2014.589914
0.050000 2.300000 2716.122708
0.050000 2.400000 3687.938127
0.050000 2.500000 5026.741971
0.050000 2.600000 6865.759230
0.050000 2.700000 9387.991359
0.050000 2.800000 12844.426842
0.050000 2.900000 17579.017171
0.050000 3.000000 24062.903614
0.050000 3.100000 32941.300705
0.100000 0.000000 31386.030198
0.100000 0.100000 22926.799707
0.100000 0.200000 16749.025639
0.100000 0.300000 12237.954845
0.100000 0.400000 8944.688588
0.100000 0.500000 6541.512421
0.100000 0.600000 4789.285176
0.100000 0.700000 3513.641910
0.100000 0.800000 2587.642772
0.100000 0.900000 1919.141161
0.100000 1.000000 1441.614173
0.100000 1.100000 1107.542877
0.100000 1.200000 883.683684
0.100000 1.300000 747.760263
0.100000 1.400000 686.246810
0.100000 1.500000 693.022095
0.100000 1.600000 768.760328
0.100000 1.700000 920.998256
0.100000 1.800000 1164.885145
0.100000 1.900000 1524.690294
0.100000 2.000000 2036.218077
0.100000 2.100000 2750.370861
0.100000 2.200000 3738.214319
0.100000 2.300000 5098.049210
0.100000 2.400000 6965.193332
0.100000 2.500000 9525.447058
0.100000 2.600000 13033.582418
0.100000 2.700000 17838.695582
0.100000 2.800000 24418.945579
0.100000 2.900000 33429.136124
0.100000 3.000000 45765.875438
0.100000 3.100000 62656.798146
0.150000 0.000000 -6414.036216
0.150000 0.100000 -4681.582634
0.150000 0.200000 -3414.995501
0.150000 0.300000 -2488.236146
0.150000 0.400000 -1809.082320
0.150000 0.500000 -1309.951110
0.150000 0.600000 -941.173740
0.150000 0.700000 -666.053004
0.150000 0.800000 -457.211509
0.150000 0.900000 -293.867343
0.150000 1.000000 -159.766051
0.150000 1.100000 -41.563154
0.150000 1.200000 72.503776
0.150000 1.300000 193.785589
0.150000 1.400000 334.351096
0.150000 1.500000 508.188035
0.150000 1.600000 732.595000
0.150000 1.700000 1029.902831
0.150000 1.800000 1429.696768
0.150000 1.900000 1971.760491
0.150000 2.000000 2710.035011
0.150000 2.100000 3717.986366
0.150000 2.200000 5095.916261
0.150000 2.300000 6980.943136
0.150000 2.400000 9560.646885
0.150000 2.500000 13091.735019
0.150000 2.600000 17925.587749
0.150000 2.700000 24543.223992
0.150000 2.800000 33603.167785
0.150000 2.900000 46006.978318
0.150000 3.000000 62988.964504
0.150000 3.100000 86239.011628
0.200000 0.000000 -43586.252077
0.200000 0.100000 -31831.699048
0.200000 0.200000 -23244.733087
0.200000 0.300000 -16970.861247
0.200000 0.400000 -12385.767646
0.200000 0.500000 -9033.187500
0.200000 0.600000 -6579.504013
0.200000 0.700000 -4780.550008
0.200000 0.800000 -3457.310742
0.200000 0.900000 -2478.110064
0.200000 1.000000 -1745.507262
0.200000 1.100000 -1186.600693
0.200000 1.200000 -745.773308
0.200000 1.300000 -379.158168
0.200000 1.400000 -50.273233
0.200000 1.500000 273.608989
0.200000 1.600000 624.718169
0.200000 1.700000 1037.993341
0.200000 1.800000 1554.559711
0.200000 1.900000 2225.821034
0.200000 2.000000 3118.574837
0.200000 2.100000 4321.659461
0.200000 2.200000 5954.794414
0.200000 2.300000 8180.493708
0.200000 2.400000 11220.237707
0.200000 2.500000 15376.512741
0.200000 2.600000 21062.911656
0.200000 2.700000 28845.290635
0.200000 2.800000 39498.077802
0.200000 2.900000 54081.336926
0.200000 3.000000 74046.254855
0.200000 3.100000 101379.549791
0.250000 0.000000 -76491.941900
0.250000 0.100000 -55865.906974
0.250000 0.200000 -40799.114243
0.250000 0.300000 -29792.260207
0.250000 0.400000 -21750.047737
0.250000 0.500000 -15872.192560
0.250000 0.600000 -11573.786592
0.250000 0.700000 -8427.093470
0.250000 0.800000 -6118.984311
0.250000 0.900000 -4419.778105
0.250000 1.000000 -3160.386060
0.250000 1.100000 -2215.485490
0.250000 1.200000 -1491.048904
0.250000 1.300000 -914.987282
0.250000 1.400000 -429.976468
0.250000 1.500000 12.247190
0.250000 1.600000 455.689571
0.250000 1.700000 944.477831
0.250000 1.800000 1527.251517
0.250000 1.900000 2262.002706
0.250000 2.000000 3221.846829
0.250000 2.100000 4502.298418
0.250000 2.200000 6230.775800
0.250000 2.300000 8579.280559
0.250000 2.400000 11781.513487
0.250000 2.500000 16156.130261
0.250000 2.600000 22138.451017
0.250000 2.700000 30323.779254
0.250000 2.800000 41526.640764
0.250000 2.900000 56861.837468
0.250000 3.000000 77855.381870
0.250000 3.100000 106596.351266
0.300000 0.000000 -101910.067500
0.300000 0.100000 -74431.570686
0.300000 0.200000 -54359.793833
0.300000 0.300000 -39697.385162
0.300000 0.400000 -28985.281615
0.300000 0.500000 -21157.516823
0.300000 0.600000 -15435.146299
0.300000 0.700000 -11248.734308
0.300000 0.800000 -8181.689062
0.300000 0.900000 -5928.807472
0.300000 1.000000 -4265.904250
0.300000 1.100000 -3027.503130
0.300000 1.200000 -2090.370244
0.300000 1.300000 -1361.251066
0.300000 1.400000 -767.590610
0.300000 1.500000 -250.313450
0.300000 1.600000 242.054903
0.300000 1.700000 758.510251
0.300000 1.800000 1350.445304
0.300000 1.900000 2076.763793
0.300000 2.000000 3009.742006
0.300000 2.100000 4242.221035
0.300000 2.200000 5896.845438
0.300000 2.300000 8138.267653
0.300000 2.400000 11189.532640
0.300000 2.500000 15354.273185
0.300000 2.600000 21046.924544
0.300000 2.700000 28833.965081
0.300000 2.800000 39490.286795
0.300000 2.900000 54076.305179
0.300000 3.000000 74043.481657
0.300000 3.100000 101378.759180
0.350000 0.000000 -117352.525644
0.350000 0.100000 -85711.353663
0.350000 0.200000 -62599.358056
0.350000 0.300000 -45716.653470
0.350000 0.400000 -33383.234176
0.350000 0.500000 -24371.795927
0.350000 0.600000 -17785.606343
0.350000 0.700000 -12969.270658
0.350000 0.800000 -9443.513083
0.350000 0.900000 -6857.483855
0.350000 1.000000 -4953.846011
0.350000 1.100000 -3543.167670
0.350000 1.200000 -2485.071581
0.350000 1.300000 -1674.266111
0.350000 1.400000 -1030.067635
0.350000 1.500000 -488.371666
0.350000 1.600000 4.726214
0.350000 1.700000 498.294402
0.350000 1.800000 1041.448096
0.350000 1.900000 1688.236770
0.350000 2.000000 2503.022665
0.350000 2.100000 3566.885501
0.350000 2.200000 4985.690759
0.350000 2.300000 6900.624407
0.350000 2.400000 9502.242376
0.350000 2.500000 13049.432870
0.350000 2.600000 17895.178454
0.350000 2.700000 24521.681508
0.350000 2.800000 33588.348409
0.350000 2.900000 45997.407367
0.350000 3.000000 62983.689569
0.350000 3.100000 86237.507797
0.400000 0.000000 -121307.700935
0.400000 0.100000 -88601.112158
0.400000 0.200000 -64711.260957
0.400000 0.300000 -47260.857209
0.400000 0.400000 -34513.403181
0.400000 0.500000 -25200.393838
0.400000 0.600000 -18395.087319
0.400000 0.700000 -13420.284433
0.400000 0.800000 -9780.940246
0.400000 0.900000 -7114.901939
0.400000 1.000000 -5156.870808
0.400000 1.100000 -3712.002272
0.400000 1.200000 -2636.516796
0.400000 1.300000 -1823.392324
0.400000 1.400000 -1191.714464
0.400000 1.500000 -678.624660
0.400000 1.600000 -233.065109
0.400000 1.700000 189.302025
0.400000 1.800000 630.506691
0.400000 1.900000 1134.453369
0.400000 2.000000 1751.290026
0.400000 2.100000 2542.398361
0.400000 2.200000 3586.501932
0.400000 2.300000 4987.499965
0.400000 2.400000 6884.806422
0.400000 2.500000 9467.223145
0.400000 2.600000 12991.727614
0.400000 2.700000 17809.044896
0.400000 2.800000 24398.548457
0.400000 2.900000 33415.962840
0.400000 3.000000 45758.615112
0.400000 3.100000 62654.728299
0.450000 0.000000 -113388.433257
0.450000 0.100000 -82817.976474
0.450000 0.200000 -60488.774765
0.450000 0.300000 -44178.838959
0.450000 0.400000 -32265.159814
0.450000 0.500000 -23562.201618
0.450000 0.600000 -17203.928983
0.450000 0.700000 -12557.627263
0.450000 0.800000 -9160.940830
0.450000 0.900000 -6675.863849
0.450000 1.000000 -4855.105161
0.450000 1.100000 -3517.480229
0.450000 1.200000 -2529.881378
0.450000 1.300000 -1794.032192
0.450000 1.400000 -1236.707977
0.450000 1.500000 -802.449144
0.450000 1.600000 -448.042395
0.450000 1.700000 -138.220553
0.450000 1.800000 157.846899
0.450000 1.900000 469.621769
0.450000 2.000000 828.128917
0.450000 2.100000 1269.043557
0.450000 2.200000 1836.241306
0.450000 2.300000 2586.164276
0.450000 2.400000 3593.437647
0.450000 2.500000 4958.295657
0.450000 2.600000 6816.555957
0.450000 2.700000 9353.134887
0.450000 2.800000 12820.448588
0.450000 2.900000 17563.531047
0.450000 3.000000 24054.368589
0.450000 3.100000 32938.867454
0.500000 0.000000 -94369.915709
0.500000 0.100000 -68928.040227
0.500000 0.200000 -50345.225850
0.500000 0.300000 -36772.288140
0.500000 0.400000 -26858.577799
0.500000 0.500000 -19617.576936
0.500000 0.600000 -14328.730210
0.500000 0.700000 -10465.742043
0.500000 0.800000 -7644.204698
0.500000 0.900000 -5583.345692
0.500000 1.000000 -4078.087993
0.500000 1.100000 -2978.642713
0.500000 1.200000 -2175.603544
0.500000 1.300000 -1589.059689
0.500000 1.400000 -1160.643897
0.500000 1.500000 -847.724315
0.500000 1.600000 -619.162171
0.500000 1.700000 -452.213140
0.500000 1.800000 -330.264047
0.500000 1.900000 -241.179683
0.500000 2.000000 -176.095220
0.500000 2.100000 -128.534073
0.500000 2.200000 -93.763412
0.500000 2.300000 -68.323191
0.500000 2.400000 -49.681843
0.500000 2.500000 -35.984357
0.500000 2.600000 -25.867691
0.500000 2.700000 -18.325132
0.500000 2.800000 -12.606114
0.500000 2.900000 -8.141537
0.500000 3.000000 -4.487128
0.500000 3.100000 -1.279235
0.550000 0.000000 -66113.813297
0.550000 0.100000 -48290.947152
0.550000 0.200000 -35273.535452
0.550000 0.300000 -25766.209550
0.550000 0.400000 -18822.891055
0.550000 0.500000 -13752.647140
0.550000 0.600000 -10050.935491
0.550000 0.700000 -7349.397072
0.550000 0.800000 -5379.200549
0.550000 0.900000 -3944.290757
0.550000 1.000000 -2901.879158
0.550000 1.100000 -2148.234895
0.550000 1.200000 -1608.362477
0.550000 1.300000 -1228.538952
0.550000 1.400000 -970.967905
0.550000 1.500000 -810.018323
0.550000 1.600000 -729.674038
0.550000 1.700000 -721.939954
0.550000 1.800000 -786.046448
0.550000 1.900000 -928.372787
0.550000 2.000000 -1163.081930
0.550000 2.100000 -1513.529893
0.550000 2.200000 -2014.589914
0.550000 2.300000 -2716.122708
0.550000 2.400000 -3687.938127
0.550000 2.500000 -5026.741971
0.550000 2.600000 -6865.759230
0.550000 2.700000 -9387.991359
0.550000 2.800000 -12844.426842
0.550000 2.900000 -17579.017171
0.550000 3.000000 -24062.903614
0.550000 3.100000 -32941.300705
0.600000 0.000000 -31386.030198
0.600000 0.100000 -22926.799707
0.600000 0.200000 -16749.025639
0.600000 0.300000 -12237.954845
0.600000 0.400000 -8944.688588
0.600000 0.500000 -6541.512421
0.600000 0.600000 -4789.285176
0.600000 0.700000 -3513.641910
0.600000 0.800000 -2587.642772
0.600000 0.900000 -1919.141161
0.600000 1.000000 -1441.614173
0.600000 1.100000 -1107.542877
0.600000 1.200000 -883.683684
0.600000 1.300000 -747.760263
0.600000 1.400000 -686.246810
0.600000 1.500000 -693.022095
0.600000 1.600000 -768.760328
0.600000 1.700000 -920.998256
0.600000 1.800000 -1164.885145
0.600000 1.900000 -1524.690294
0.600000 2.000000 -2036.218077
0.600000 2.100000 -2750.370861
0.600000 2.200000 -3738.214319
0.600000 2.300000 -5098.049210
0.600000 2.400000 -6965.193332
0.600000 2.500000 -9525.447058
0.600000 2.600000 -13033.582418
0.600000 2.700000 -17838.695582
0.600000 2.800000 -24418.945579
0.600000 2.900000 -33429.136124
0.600000 3.000000 -45765.875438
0.600000 3.100000 -62656.798146
0.650000 0.000000 6414.036216
0.650000 0.100000 4681.582634
0.650000 0.200000 3414.995501
0.650000 0.300000 2488.236146
0.650000 0.400000 1809.082320
0.650000 0.500000 1309.951110
0.650000 0.600000 941.173740
0.650000 0.700000 666.053004
0.650000 0.800000 457.211509
0.650000 0.900000 293.867343
0.650000 1.000000 159.766051
0.650000 1.100000 41.563154
0.650000 1.200000 -72.503776
0.650000 1.300000 -193.785589
0.650000 1.400000 -334.351096
0.650000 1.500000 -508.188035
0.650000 1.600000 -732.595000
0.650000 1.700000 -1029.902831
0.650000 1.800000 -1429.696768
0.650000 1.900000 -1971.760491
0.650000 2.000000 -2710.035011
0.650000 2.100000 -3717.986366
0.650000 2.200000 -5095.916261
0.650000 2.300000 -6980.943136
0.650000 2.400000 -9560.646885
0.650000 2.500000 -13091.735019
0.650000 2.600000 -17925.587749
0.650000 2.700000 -24543.223992
0.650000 2.800000 -33603.167785
0.650000 2.900000 -46006.978318
0.650000 3.000000 -62988.964504
0.650000 3.100000 -86239.011628
0.700000 0.000000 43586.252077
0.700000 0.100000 31831.699048
0.700000 0.200000 23244.733087
0.700000 0.300000 16970.861247
0.700000 0.400000 12385.767646
0.700000 0.500000 9033.187500
0.700000 0.600000 6579.504013
0.700000 0.700000 4780.550008
0.700000 0.800000 3457.310742
0.700000 0.900000 2478.110064
0.700000 1.000000 1745.507262
0.700000 1.100000 1186.600693
0.700000 1.200000 745.773308
0.700000 1.300000 379.158168
0.700000 1.400000 50.273233
0.700000 1.500000 -273.608989
0.700000 1.600000 -624.718169
0.700000 1.700000 -1037.993341
0.700000 1.800000 -1554.559711
0.700000 1.900000 -2225.821034
0.700000 2.000000 -3118.574837
0.700000 2.100000 -4321.659461
0.700000 2.200000 -5954.794414
0.700000 2.300000 -8180.493708
0.700000 2.400000 -11220.237707
0.700000 2.500000 -15376.512741
0.700000 2.600000 -21062.911656
0.700000 2.700000 -28845.290635
0.700000 2.800000 -39498.077802
0.700000 2.900000 -54081.336926
0.700000 3.000000 -74046.254855
0.700000 3.100000 -101379.549791
0.750000 0.000000 76491.941900
0.750000 0.100000 55865.906974
0.750000 0.200000 40799.114243
0.750000 0.300000 29792.260207
0.750000 0.400000 21750.047737
0.750000 0.500000 15872.192560
0.750000 0.600000 11573.786592
0.750000 0.700000 8427.093470
0.750000 0.800000 6118.984311
0.750000 0.900000 4419.778105
0.750000 1.000000 3160.386060
0.750000 1.100000 2215.485490
0.750000 1.200000 1491.048904
0.750000 1.300000 914.987282
0.750000 1.400000 429.976468
0.750000 1.500000 -12.247190
0.750000 1.600000 -455.689571
0.750000 1.700000 -944.477831
0.750000 1.800000 -1527.251517
0.750000 1.900000 -2262.002706
0.750000 2.000000 -3221.846829
0.750000 2.100000 -4502.298418
0.750000 2.200000 -6230.775800
0.750000 2.300000 -8579.280559
0.750000 2.400000 -11781.513487
0.750000 2.500000 -16156.130261
0.750000 2.600000 -22138.451017
0.750000 2.700000 -30323.779254
0.750000 2.800000 -41526.640764
0.750000 2.900000 -56861.837468
0.750000 3.000000 -77855.381870
0.750000 3.100000 -106596.351266
0.800000 0.000000 101910.067500
0.800000 0.100000 74431.570686
0.800000 0.200000 54359.793833
0.800000 0.300000 39697.385162
0.800000 0.400000 28985.281615
0.800000 0.500000 21157.516823
0.800000 0.600000 15435.146299
0.800000 0.700000 11248.734308
0.800000 0.800000 8181.689062
0.800000 0.900000 5928.807472
0.800000 1.000000 4265.904250
0.800000 1.100000 3027.503130
0.800000 1.200000 2090.370244
0.800000 1.300000 1361.251066
0.800000 1.400000 767.590610
0.800000 1.500000 250.313450
0.800000 1.600000 -242.054903
0.800000 1.700000 -758.510251
0.800000 1.800000 -1350.445304
0.800000 1.900000 -2076.763793
0.800000 2.000000 -3009.742006
0.800000 2.100000 -4242.221035
0.800000 2.200000 -5896.845438
0.800000 2.300000 -8138.267653
0.800000 2.400000 -11189.532640
0.800000 2.500000 -15354.273185
0.800000 2.600000 -21046.924544
0.800000 2.700000 -28833.965081
0.800000 2.800000 -39490.286795
0.800000 2.900000 -54076.305179
0.800000 3.000000 -74043.481657
0.800000 3.100000 -101378.759180
0.850000 0.000000 117352.525644
0.850000 0.100000 85711.353663
0.850000 0.200000 62599.358056
0.850000 0.300000 45716.653470
0.850000 0.400000 33383.234176
0.850000 0.500000 24371.795927
0.850000 0.600000 17785.606343
0.850000 0.700000 12969.270658
0.850000 0.800000 9443.513083
0.850000 0.900000 6857.483855
0.850000 1.000000 4953.846011
0.850000 1.100000 3543.167670
0.850000 1.200000 2485.071581
0.850000 1.300000 1674.266111
0.850000 1.400000 1030.067635
0.850000 1.500000 488.371666
0.850000 1.600000 -4.726214
0.850000 1.700000 -498.294402
0.850000 1.800000 -1041.448096
0.850000 1.900000 -1688.236770
0.850000 2.000000 -2503.022665
0.850000 2.100000 -3566.885501
0.850000 2.200000 -4985.690759
0.850000 2.300000 -6900.624407
0.850000 2.400000 -9502.242376
0.850000 2.500000 -13049.432870
0.850000 2.600000 -17895.178454
0.850000 2.700000 -24521.681508
0.850000 2.800000 -33588.348409
0.850000 2.900000 -45997.407367
0.850000 3.000000 -62983.689569
0.850000 3.100000 -86237.507797
0.900000 0.000000 121307.700935
0.900000 0.100000 88601.112158
0.900000 0.200000 64711.260957
0.900000 0.300000 47260.857209
0.900000 0.400000 34513.403181
0.900000 0.500000 25200.393838
0.900000 0.600000 18395.087319
0.900000 0.700000 13420.284433
0.900000 0.800000 9780.940246
0.900000 0.900000 7114.901939
0.900000 1.000000 5156.870808
0.900000 1.100000 3712.002272
0.900000 1.200000 2636.516796
0.900000 1.300000 1823.392324
0.900000 1.400000 1191.714464
0.900000 1.500000 678.624660
0.900000 1.600000 233.065109
0.900000 1.700000 -189.302025
0.900000 1.800000 -630.506691
0.900000 1.900000 -1134.453369
0.900000 2.000000 -1751.290026
0.900000 2.100000 -2542.398361
0.900000 2.200000 -3586.501932
0.900000 2.300000 -4987.499965
0.900000 2.400000 -6884.806422
0.900000 2.500000 -9467.223145
0.900000 2.600000 -12991.727614
0.900000 2.700000 -17809.044896
0.900000 2.800000 -24398.548457
0.900000 2.900000 -33415.962840
0.900000 3.000000 -45758.615112
0.900000 3.100000 -62654.728299
0.950000 0.000000 113388.433257
0.950000 0.100000 82817.976474
0.950000 0.200000 60488.774765
0.950000 0.300000 44178.838959
0.950000 0.400000 32265.159814
0.950000 0.500000 23562.201618
0.950000 0.600000 17203.928983
0.950000 0.700000 12557.627263
0.950000 0.800000 9160.940830
0.950000 0.900000 6675.863849
0.950000 1.000000 4855.105161
0.950000 1.100000 3517.480229
0.950000 1.200000 2529.881378
0.950000 1.300000 1794.032192
0.950000 1.400000 1236.707977
0.950000 1.500000 802.449144
0.950000 1.600000 448.042395
0.950000 1.700000 138.220553
0.950000 1.800000 -157.846899
0.950000 1.900000 -469.621769
0.950000 2.000000 -828.128917
0.950000 2.100000 -1269.043557
0.950000 2.200000 -1836.241306
0.950000 2.300000 -2586.164276
0.950000 2.400000 -3593.437647
0.950000 2.500000 -4958.295657
0.950000 2.600000 -6816.555957
0.950000 2.700000 -9353.134887
0.950000 2.800000 -12820.448588
0.950000 2.900000 -17563.531047
0.950000 3.000000 -24054.368589
0.950000 3.100000 -32938.867454
1.000000 0.000000 94369.915709
1.000000 0.100000 68928.040227
1.000000 0.200000 50345.225850
1.000000 0.300000 36772.288140
1.000000 0.400000 26858.577799
1.000000 0.500000 19617.576936
1.000000 0.600000 14328.730210
1.000000 0.700000 10465.742043
1.000000 0.800000 7644.204698
1.000000 0.900000 5583.345692
1.000000 1.000000 4078.087993
1.000000 1.100000 2978.642713
1.000000 1.200000 2175.603544
1.000000 1.300000 1589.059689
1.000000 1.400000 1160.643897
1.000000 1.500000 847.724315
1.000000 1.600000 619.162171
1.000000 1.700000 452.213140
1.000000 1.800000 330.264047
1.000000 1.900000 241.179683
1.000000 2.000000 176.095220
1.000000 2.100000 128.534073
1.000000 2.200000 93.763412
1.000000 2.300000 68.323191
1.000000 2.400000 49.681843
1.000000 2.500000 35.984357
1.000000 2.600000 25.867691
1.000000 2.700000 18.325132
1.000000 2.800000 12.606114
1.000000 2.900000 8.141537
1.000000 3.000000 4.487128
1.000000 3.100000 1.279235
1.050000 0.000000 66113.813297
1.050000 0.100000 48290.947152
1.050000 0.200000 35273.535452
1.050000 0.300000 25766.209550
1.050000 0.400000 18822.891055
1.050000 0.500000 13752.647140
1.050000 0.600000 10050.935491
1.050000 0.700000 7349.397072
1.050000 0.800000 5379.200549
1.050000 0.900000 3944.290757
1.050000 1.000000 2901.879158
1.050000 1.100000 2148.234895
1.050000 1.200000 1608.362477
1.050000 1.300000 1228.538952
1.050000 1.400000 970.967905
1.050000 1.500000 810.018323
1.050000 1.600000 729.674038
1.050000 1.700000 721.939954
1.050000 1.800000 786.046448
1.050000 1.900000 928.372787
1.050000 2.000000 1163.081930
1.050000 2.100000 1513.529893
1.050000 2.200000 2014.589914
1.050000 2.300000 2716.122708
1.050000 2.400000 3687.938127
1.050000 2.500000 5026.741971
1.050000 2.600000 6865.759230
1.050000 2.700000 9387.991359
1.050000 2.800000 12844.426842
1.050000 2.900000 17579.017171
1.050000 3.000000 24062.903614
1.050000 3.100000 32941.300705
1.100000 0.000000 31386.030198
1.100000 0.100000 22926.799707
1.100000 0.200000 16749.025639
1.100000 0.300000 12237.954845
1.100000 0.400000 8944.688588
1.100000 0.500000 6541.512421
1.100000 0.600000 4789.285176
1.100000 0.700000 3513.641910
1.100000 0.800000 2587.642772
1.100000 0.900000 1919.141161
1.100000 1.000000 1441.614173
1.100000 1.100000 1107.542877
1.100000 1.200000 883.683684
1.100000 1.300000 747.760263
1.100000 1.400000 686.246810
1.100000 1.500000 693.022095
1.100000 1.600000 768.760328
1.100000 1.700000 920.998256
1.100000 1.800000 1164.885145
1.100000 1.900000 1524.690294
1.100000 2.000000 2036.218077
1.100000 2.100000 2750.370861
1.100000 2.200000 3738.214319
1.100000 2.300000 5098.049210
1.100000 2.400000 6965.193332
1.100000 2.500000 9525.447058
1.100000 2.600000 13033.582418
1.100000 2.700000 17838.695582
1.100000 2.800000 24418.945579
1.100000 2.900000 33429.136124
1.100000 3.000000 45765.875438
1.100000 3.100000 62656.798146
1.150000 0.000000 -6414.036216
1.150000 0.100000 -4681.582634
1.150000 0.200000 -3414.995501
1.150000 0.300000 -2488.236146
1.150000 0.400000 -1809.082320
1.150000 0.500000 -1309.951110
1.150000 0.600000 -941.173740
1.150000 0.700000 -666.053004
1.150000 0.800000 -457.211509
1.150000 0.900000 -293.867343
1.150000 1.000000 -159.766051
1.150000 1.100000 -41.563154
1.150000 1.200000 72.503776
1.150000 1.300000 193.785589
1.150000 1.400000 334.351096
1.150000 1.500000 508.188035
1.150000 1.600000 732.595000
1.150000 1.700000 1029.902831
1.150000 1.800000 1429.696768
1.150000 1.900000 1971.760491
1.150000 2.000000 2710.035011
1.150000 2.100000 3717.986366
1.150000 2.200000 5095.916261
1.150000 2.300000 6980.943136
1.150000 2.400000 9560.646885
1.150000 2.500000 13091.735019
1.150000 2.600000 17925.587749
1.150000 2.700000 24543.223992
1.150000 2.800000 33603.167785
1.150000 2.900000 46006.978318
1.150000 3.000000 62988.964504
1.150000 3.100000 86239.011628
1.200000 0.000000 -43586.252076
1.200000 0.100000 -31831.699048
1.200000 0.200000 -23244.733087
1.200000 0.300000 -16970.861247
1.200000 0.400000 -12385.767646
1.200000 0.500000 -9033.187500
1.200000 0.600000 -6579.504013
1.200000 0.700000 -4780.550008
1.200000 0.800000 -3457.310742
1.200000 0.900000 -2478.110064
1.200000 1.000000 -1745.507262
1.200000 1.100000 -1186.600693
1.200000 1.200000 -745.773308
1.200000 1.300000 -379.158168
1.200000 1.400000 -50.273233
1.200000 1.500000 273.608989
1.200000 1.600000 624.718169
1.200000 1.700000 1037.993341
1.200000 1.800000 1554.559711
1.200000 1.900000 2225.821034
1.200000 2.000000 3118.574837
1.200000 2.100000 4321.659461
1.200000 2.200000 5954.794414
1.200000 2.300000 8180.493708
1.200000 2.400000 11220.237707
1.200000 2.500000 15376.512741
1.200000 2.600000 21062.911656
1.200000 2.700000 28845.290635
1.200000 2.800000 39498.077802
1.200000 2.900000 54081.336926
1.200000 3.000000 74046.254855
1.200000 3.100000 101379.549791
1.250000 0.000000 -76491.941900
1.250000 0.100000 -55865.906974
1.250000 0.200000 -40799.114243
1.250000 0.300000 -29792.260207
1.250000 0.400000 -21750.047737
1.250000 0.500000 -15872.192560
1.250000 0.600000 -11573.786592
1.250000 0.700000 -8427.093470
1.250000 0.800000 -6118.984311
1.250000 0.900000 -4419.778105
1.250000 1.000000 -3160.386060
1.250000 1.100000 -2215.485490
1.250000 1.200000 -1491.048904
1.250000 1.300000 -914.987282
1.250000 1.400000 -429.976468
1.250000 1.500000 12.247190
1.250000 1.600000 455.689571
1.250000 1.700000 944.477831
1.250000 1.800000 1527.251517
1.250000 1.900000 2262.002706
1.250000 2.000000 3221.846829
1.250000 2.100000 4502.298418
1.250000 2.200000 6230.775800
1.250000 2.300000 8579.280559
1.250000 2.400000 11781.513487
1.250000 2.500000 16156.130261
1.250000 2.600000 22138.451017
1.250000 2.700000 30323.779254
1.250000 2.800000 41526.640764
1.250000 2.900000 56861.837468
1.250000 3.000000 77855.381870
1.250000 3.100000 106596.351266
1.300000 0.000000 -101910.067500
1.300000 0.100000 -74431.570686
1.300000 0.200000 -54359.793833
1.300000 0.300000 -39697.385162
1.300000 0.400000 -28985.281615
1.300000 0.500000 -21157.516823
1.300000 0.600000 -15435.146299
1.300000 0.700000 -11248.734308
1.300000 0.800000 -8181.689062
1.300000 0.900000 -5928.807472
1.300000 1.000000 -4265.904250
1.300000 1.100000 -3027.503130
1.300000 1.200000 -2090.370244
1.300000 1.300000 -1361.251066
1.300000 1.400000 -767.590610
1.300000 1.500000 -250.313450
1.300000 1.600000 242.054903
1.300000 1.700000 758.510251
1.300000 1.800000 1350.445304
1.300000 1.900000 2076.763793
1.300000 2.000000 3009.742006
1.300000 2.100000 4242.221035
1.300000 2.200000 5896.845438
1.300000 2.300000 8138.267653
1.300000 2.400000 11189.532640
1.300000 2.500000 15354.273185
1.300000 2.600000 21046.924544
1.300000 2.700000 28833.965081
1.300000 2.800000 39490.286795
1.300000 2.900000 54076.305179
1.300000 3.000000 74043.481657
1.300000 3.100000 101378.759180
1.350000 0.000000 -117352.525644
1.350000 0.100000 -85711.353663
1.350000 0.200000 -62599.358056
1.350000 0.300000 -45716.653470
1.350000 0.400000 -33383.234176
1.350000 0.500000 -24371.795927
1.350000 0.600000 -17785.606343
1.350000 0.700000 -12969.270658
1.350000 0.800000 -9443.513083
1.350000 0.900000 -6857.483855
1.350000 1.000000 -4953.846011
1.350000 1.100000 -3543.167670
1.350000 1.200000 -2485.071581
1.350000 1.300000 -1674.266111
1.350000 1.400000 -1030.067635
1.350000 1.500000 -488.371666
1.350000 1.600000 4.726214
1.350000 1.700000 498.294402
1.350000 1.800000 1041.448096
1.350000 1.900000 1688.236770
1.350000 2.000000 2503.022665
1.350000 2.100000 3566.885501
1.350000 2.200000 4985.690759
1.350000 2.300000 6900.624407
1.350000 2.400000 9502.242376
1.350000 2.500000 13049.432870
1.350000 2.600000 17895.178454
1.350000 2.700000 24521.681508
1.350000 2.800000 33588.348409
1.350000 2.900000 45997.407367
1.350000 3.000000 62983.689569
1.350000 3.100000 86237.507797
1.400000 0.000000 -121307.700935
1.400000 0.100000 -88601.112158
1.400000 0.200000 -64711.260957
1.400000 0.300000 -47260.857209
1.400000 0.400000 -34513.403181
1.400000 0.500000 -25200.393838
1.400000 0.600000 -18395.087319
1.400000 0.700000 -13420.284433
1.400000 0.800000 -9780.940246
1.400000 0.900000 -7114.901939
1.400000 1.000000 -5156.870808
1.400000 1.100000 -3712.002272
1.400000 1.200000 -2636.516796
1.400000 1.300000 -1823.392324
1.400000 1.400000 -1191.714464
1.400000 1.500000 -678.624660
1.400000 1.600000 -233.065109
1.400000 1.700000 189.302025
1.400000 1.800000 630.506691
1.400000 1.900000 1134.453369
1.400000 2.000000 1751.290026
1.400000 2.100000 2542.398361
1.400000 2.200000 3586.501932
1.400000 2.300000 4987.499965
1.400000 2.400000 6884.806422
1.400000 2.500000 9467.223145
1.400000 2.600000 12991.727614
1.400000 2.700000 17809.044896
1.400000 2.800000 24398.548457
1.400000 2.900000 33415.962840
1.400000 3.000000 45758.615112
1.400000 3.100000 62654.728299
1.450000 0.000000 -113388.433257
1.450000 0.100000 -82817.976474
1.450000 0.200000 -60488.774765
1.450000 0.300000 -44178.838959
1.450000 0.400000 -32265.159814
1.450000 0.500000 -23562.201618
1.450000 0.600000 -17203.928983
1.450000 0.700000 -12557.627263
1.450000 0.800000 -9160.940830
1.450000 0.900000 -6675.863849
1.450000 1.000000 -4855.105161
1.450000 1.100000 -3517.480229
1.450000 1.200000 -2529.881378
1.450000 1.300000 -1794.032192
1.450000 1.400000 -1236.707977
1.450000 1.500000 -802.449144
1.450000 1.600000 -448.042395
1.450000 1.700000 -138.220553
1.450000 1.800000 157.846899
1.450000 1.900000 469.621769
1.450000 2.000000 828.128917
1.450000 2.100000 1269.043557
1.450000 2.200000 1836.241306
1.450000 2.300000 2586.164276
1.450000 2.400000 3593.437647
1.450000 2.500000 4958.295657
1.450000 2.600000 6816.555957
1.450000 2.700000 9353.134887
1.450000 2.800000 12820.448588
1.450000 2.900000 17563.531047
1.450000 3.000000 24054.368589
1.450000 3.100000 32938.867454
1.500000 0.000000 -94369.915709
1.500000 0.100000 -68928.040227
1.500000 0.200000 -50345.225850
1.500000 0.300000 -36772.288140
1.500000 0.400000 -26858.577799
1.500000 0.500000 -19617.576936
1.500000 0.600000 -14328.730210
1.500000 0.700000 -10465.742043
1.500000 0.800000 -7644.204698
1.500000 0.900000 -5583.345692
1.500000 1.000000 -4078.087993
1.500000 1.100000 -2978.642713
1.500000 1.200000 -2175.603544
1.500000 1.300000 -1589.059689
1.500000 1.400000 -1160.643897
1.500000 1.500000 -847.724315
1.500000 1.600000 -619.162171
1.500000 1.700000 -452.213140
1.500000 1.800000 -330.264047
1.500000 1.900000 -241.179683
1.500000 2.000000 -176.095220
1.500000 2.100000 -128.534073
1.500000 2.200000 -93.763412
1.500000 2.300000 -68.323191
1.500000 2.400000 -49.681843
1.500000 2.500000 -35.984357
1.500000 2.600000 -25.867691
1.500000 2.700000 -18.325132
1.500000 2.800000 -12.606114
1.500000 2.900000 -8.141537
1.500000 3.000000 -4.487128
1.500000 3.100000 -1.279235
1.550000 0.000000 -66113.813297
1.550000 0.100000 -48290.947152
1.550000 0.200000 -35273.535452
1.550000 0.300000 -25766.209550
1.550000 0.400000 -18822.891055
1.550000 0.500000 -13752.647140
1.550000 0.600000 -10050.935491
1.550000 0.700000 -7349.397072
1.550000 0.800000 -5379.200549
1.550000 0.900000 -3944.290757
1.550000 1.000000 -2901.879158
1.550000 1.100000 -2148.234895
1.550000 1.200000 -1608.362477
1.550000 1.300000 -1228.538952
1.550000 1.400000 -970.967905
1.550000 1.500000 -810.018323
1.550000 1.600000 -729.674038
1.550000 1.700000 -721.939954
1.550000 1.800000 -786.046448
1.550000 1.900000 -928.372787
1.550000 2.000000 -1163.081930
1.550000 2.100000 -1513.529893
1.550000 2.200000 -2014.589914
1.550000 2.300000 -2716.122708
1.550000 2.400000 -3687.938127
1.550000 2.500000 -5026.741971
1.550000 2.600000 -6865.759230
1.550000 2.700000 -9387.991359
1.550000 2.800000 -12844.426842
1.550000 2.900000 -17579.017171
1.550000 3.000000 -24062.903614
1.550000 3.100000 -32941.300705
1.600000 0.000000 -31386.030198
1.600000 0.100000 -22926.799707
1.600000 0.200000 -16749.025639
1.600000 0.300000 -12237.954845
1.600000 0.400000 -8944.688588
1.600000 0.500000 -6541.512421
1.600000 0.600000 -4789.285176
1.600000 0.700000 -3513.641910
1.600000 0.800000 -2587.642772
1.600000 0.900000 -1919.141161
1.600000 1.000000 -1441.614173
1.600000 1.100000 -1107.542877
1.600000 1.200000 -883.683684
1.600000 1.300000 -747.760263
1.600000 1.400000 -686.246810
1.600000 1.500000 -693.022095
1.600000 1.600000 -768.760328
1.600000 1.700000 -920.998256
1.600000 1.800000 -1164.885145
1.600000 1.900000 -1524.690294
1.600000 2.000000 -2036.218077
1.600000 2.100000 -2750.370861
1.600000 2.200000 -3738.214319
1.600000 2.300000 -5098.049210
1.600000 2.400000 -6965.193332
1.600000 2.500000 -9525.447058
1.600000 2.600000 -13033.582418
1.600000 2.700000 -17838.695582
1.600000 2.800000 -24418.945579
1.600000 2.900000 -33429.136124
1.600000 3.000000 -45765.875438
1.600000 3.100000 -62656.798146
1.650000 0.000000 6414.036216
1.650000 0.100000 4681.582634
1.650000 0.200000 3414.995501
1.650000 0.300000 2488.236146
1.650000 0.400000 1809.082320
1.650000 0.500000 1309.951110
1.650000 0.600000 941.173740
1.650000 0.700000 666.053004
1.650000 0.800000 457.211509
1.650000 0.900000 293.867343
1.650000 1.000000 159.766051
1.650000 1.100000 41.563154
1.650000 1.200000 -72.503776
1.650000 1.300000 -193.785589
1.650000 1.400000 -334.351096
1.650000 1.500000 -508.188035
1.650000 1.600000 -732.595000
1.650000 1.700000 -1029.902831
1.650000 1.800000 -1429.696768
1.650000 1.900000 -1971.760491
1.650000 2.000000 -2710.035011
1.650000 2.100000 -3717.986366
1.650000 2.200000 -5095.916261
1.650000 2.300000 -6980.943136
1.650000 2.400000 -9560.646885
1.650000 2.500000 -13091.735019
1.650000 2.600000 -17925.587749
1.650000 2.700000 -24543.223992
1.650000 2.800000 -33603.167785
1.650000 2.900000 -46006.978318
1.650000 3.000000 -62988.964504
1.650000 3.100000 -86239.011628
1.700000 0.000000 43586.252076
1.700000 0.100000 31831.699048
1.700000 0.200000 23244.733087
1.700000 0.300000 16970.861247
1.700000 0.400000 12385.767646
1.700000 0.500000 9033.187500
1.700000 0.600000 6579.504013
1.700000 0.700000 4780.550008
1.700000 0.800000 3457.310742
1.700000 0.900000 2478.110064
1.700000 1.000000 1745.507262
1.700000 1.100000 1186.600693
1.700000 1.200000 745.773308
1.700000 1.300000 379.158168
1.700000 1.400000 50.273233
1.700000 1.500000 -273.608989
1.700000 1.600000 -624.718169
1.700000 1.700000 -1037.993341
1.700000 1.800000 -1554.559711
1.700000 1.900000 -2225.821034
1.700000 2.000000 -3118.574837
1.700000 2.100000 -4321.659461
1.700000 2.200000 -5954.794414
1.700000 2.300000 -8180.493708
1.700000 2.400000 -11220.237707
1.700000 2.500000 -15376.512741
1.700000 2.600000 -21062.911656
1.700000 2.700000 -28845.290635
1.700000 2.800000 -39498.077802
1.700000 2.900000 -54081.336926
1.700000 3.000000 -74046.254855
1.700000 3.100000 -101379.549791
1.750000 0.000000 76491.941900
1.750000 0.100000 55865.906974
1.750000 0.200000 40799.114243
1.750000 0.300000 29792.260207
1.750000 0.400000 21750.047737
1.750000 0.500000 15872.192560
1.750000 0.600000 11573.786592
1.750000 0.700000 8427.093470
1.750000 0.800000 6118.984311
1.750000 0.900000 4419.778105
1.750000 1.000000 3160.386060
1.750000 1.100000 2215.485490
1.750000 1.200000 1491.048904
1.750000 1.300000 914.987282
1.750000 1.400000 429.976468
1.750000 1.500000 -12.247190
1.750000 1.600000 -455.689571
1.750000 1.700000 -944.477831
1.750000 1.800000 -1527.251517
1.750000 1.900000 -2262.002706
1.750000 2.000000 -3221.846829
1.750000 2.100000 -4502.298418
1.750000 2.200000 -6230.775800
1.750000 2.300000 -8579.280559
1.750000 2.400000 -11781.513487
1.750000 2.500000 -16156.130261
1.750000 2.600000 -22138.451017
1.750000 2.700000 -30323.779254
1.750000 2.800000 -41526.640764
1.750000 2.900000 -56861.837468
1.750000 3.000000 -77855.381870
1.750000 3.100000 -106596.351266
1.800000 0.000000 101910.067500
1.800000 0.100000 74431.570686
1.800000 0.200000 54359.793833
1.800000 0.300000 39697.385162
1.800000 0.400000 28985.281615
1.800000 0.500000 21157.516823
1.800000 0.600000 15435.146299
1.800000 0.700000 11248.734308
1.800000 0.800000 8181.689062
1.800000 0.900000 5928.807472
1.800000 1.000000 4265.904250
1.800000 1.100000 3027.503130
1.800000 1.200000 2090.370244
1.800000 1.300000 1361.251066
1.800000 1.400000 767.590610
1.800000 1.500000 250.313450
1.800000 1.600000 -242.054903
1.800000 1.700000 -758.510251
1.800000 1.800000 -1350.445304
1.800000 1.900000 -2076.763793
1.800000 2.000000 -3009.742006
1.800000 2.100000 -4242.221035
1.800000 2.200000 -5896.845438
1.800000 2.300000 -8138.267653
1.800000 2.400000 -11189.532640
1.800000 2.500000 -15354.273185
1.800000 2.600000 -21046.924544
1.800000 2.700000 -28833.965081
1.800000 2.800000 -39490.286795
1.800000 2.900000 -54076.305179
1.800000 3.000000 -74043.481657
1.800000 3.100000 -101378.759180
1.850000 0.000000 117352.525644
1.850000 0.100000 85711.353663
1.850000 0.200000 62599.358056
1.850000 0.300000 45716.653470
1.850000 0.400000 33383.234176
1.850000 0.500000 24371.795927
1.850000 0.600000 17785.606343
1.850000 0.700000 12969.270658
1.850000 0.800000 9443.513083
1.850000 0.900000 6857.483855
1.850000 1.000000 4953.846011
1.850000 1.100000 3543.167670
1.850000 1.200000 2485.071581
1.850000 1.300000 1674.266111
1.850000 1.400000 1030.067635
1.850000 1.500000 488.371666
1.850000 1.600000 -4.726214
1.850000 1.700000 -498.294402
1.850000 1.800000 -1041.448096
1.850000 1.900000 -1688.236770
1.850000 2.000000 -2503.022665
1.850000 2.100000 -3566.885501
1.850000 2.200000 -4985.690759
1.850000 2.300000 -6900.624407
1.850000 2.400000 -9502.242376
1.850000 2.500000 -13049.432870
1.850000 2.600000 -17895.178454
1.850000 2.700000 -24521.681508
1.850000 2.800000 -33588.348409
1.850000 2.900000 -45997.407367
1.850000 3.000000 -62983.689569
1.850000 3.100000 -86237.507797
1.900000 0.000000 121307.700935
1.900000 0.100000 88601.112158
1.900000 0.200000 64711.260957
1.900000 0.300000 47260.857209
1.900000 0.400000 34513.403181
1.900000 0.500000 25200.393838
1.900000 0.600000 18395.087319
1.900000 0.700000 13420.284433
1.900000 0.800000 9780.940246
1.900000 0.900000 7114.901939
1.900000 1.000000 5156.870808
1.900000 1.100000 3712.002272
1.900000 1.200000 2636.516796
1.900000 1.300000 1823.392324
1.900000 1.400000 1191.714464
1.900000 1.500000 678.624660
1.900000 1.600000 233.065109
1.900000 1.700000 -189.302025
1.900000 1.800000 -630.506691
1.900000 1.900000 -1134.453369
1.900000 2.000000 -1751.290026
1.900000 2.100000 -2542.398361
1.900000 2.200000 -3586.501932
1.900000 2.300000 -4987.499965
1.900000 2.400000 -6884.806422
1.900000 2.500000 -9467.223145
1.900000 2.600000 -12991.727614
1.900000 2.700000 -17809.044896
1.900000 2.800000 -24398.548457
1.900000 2.900000 -33415.962840
1.900000 3.000000 -45758.615112
1.900000 3.100000 -62654.728299
1.950000 0.000000 113388.433257
1.950000 0.100000 82817.976474
1.950000 0.200000 60488.774765
1.950000 0.300000 44178.838959
1.950000 0.400000 32265.159814
1.950000 0.500000 23562.201618
1.950000 0.600000 17203.928983
1.950000 0.700000 12557.627263
1.950000 0.800000 9160.940830
1.950000 0.900000 6675.863849
1.950000 1.000000 4855.105161
1.950000 1.100000 3517.480229
1.950000 1.200000 2529.881378
1.950000 1.300000 1794.032192
1.950000 1.400000 1236.707977
1.950000 1.500000 802.449144
1.950000 1.600000 448.042395
1.950000 1.700000 138.220553
1.950000 1.800000 -157.846899
1.950000 1.900000 -469.621769
1.950000 2.000000 -828.128917
1.950000 2.100000 -1269.043557
1.950000 2.200000 -1836.241306
1.950000 2.300000 -2586.164276
1.950000 2.400000 -3593.437647
1.950000 2.500000 -4958.295657
1.950000 2.600000 -6816.555957
1.950000 2.700000 -9353.134887
1.950000 2.800000 -12820.448588
1.950000 2.900000 -17563.531047
1.950000 3.000000 -24054.368589
1.950000 3.100000 -32938.867454
2.000000 0.000000 94369.915709
2.000000 0.100000 68928.040227
2.000000 0.200000 50345.225850
2.000000 0.300000 36772.288140
2.000000 0.400000 26858.577799
2.000000 0.500000 19617.576936
2.000000 0.600000 14328.730210
2.000000 0.700000 10465.742043
2.000000 0.800000 7644.204698
2.000000 0.900000 5583.345692
2.000000 1.000000 4078.087993
2.000000 1.100000 2978.642713
2.000000 1.200000 2175.603544
2.000000 1.300000 1589.059689
2.000000 1.400000 1160.643897
2.000000 1.500000 847.724315
2.000000 1.600000 619.162171
2.000000 1.700000 452.213140
2.000000 1.800000 330.264047
2.000000 1.900000 241.179683
2.000000 2.000000 176.095220
2.000000 2.100000 128.534073
2.000000 2.200000 93.763412
2.000000 2.300000 68.323191
2.000000 2.400000 49.681843
2.000000 2.500000 35.984357
2.000000 2.600000 25.867691
2.000000 2.700000 18.325132
2.000000 2.800000 12.606114
2.000000 2.900000 8.141537
2.000000 3.000000 4.487128
2.000000 3.100000 1.279235
2.050000 0.000000 66113.813297
2.050000 0.100000 48290.947152
2.050000 0.200000 35273.535452
2.050000 0.300000 25766.209550
2.050000 0.400000 18822.891055
2.050000 0.500000 13752.647140
2.050000 0.600000 10050.935491
2.050000 0.700000 7349.397072
2.050000 0.800000 5379.200549
2.050000 0.900000 3944.290757
2.050000 1.000000 2901.879158
2.050000 1.100000 2148.234895
2.050000 1.200000 1608.362477
2.050000 1.300000 1228.538952
2.050000 1.400000 970.967905
2.050000 1.500000 810.018323
2.050000 1.600000 729.674038
2.050000 1.700000 721.939954
2.050000 1.800000 786.046448
2.050000 1.900000 928.372787
2.050000 2.000000 1163.081930
2.050000 2.100000 1513.529893
2.050000 2.200000 2014.589914
2.050000 2.300000 2716.122708
2.050000 2.400000 3687.938127
2.050000 2.500000 5026.741971
2.050000 2.600000 6865.759230
2.050000 2.700000 9387.991359
2.050000 2.800000 12844.426842
2.050000 2.900000 17579.017171
2.050000 3.000000 24062.903614
2.050000 3.100000 32941.300705
2.100000 0.000000 31386.030198
2.100000 0.100000 22926.799707
2.100000 0.200000 16749.025639
2.100000 0.300000 12237.954845
2.100000 0.400000 8944.688588
2.100000 0.500000 6541.512421
2.100000 0.600000 4789.285176
2.100000 0.700000 3513.641910
2.100000 0.800000 2587.642772
2.100000 0.900000 1919.141161
2.100000 1.000000 1441.614173
2.100000 1.100000 1107.542877
2.100000 1.200000 883.683684
2.100000 1.300000 747.760263
2.100000 1.400000 686.246810
2.100000 1.500000 693.022095
2.100000 1.600000 768.760328
2.100000 1.700000 920.998256
2.100000 1.800000 1164.885145
2.100000 1.900000 1524.690294
2.100000 2.000000 2036.218077
2.100000 2.100000 2750.370861
2.100000 2.200000 3738.214319
2.100000 2.300000 5098.049210
2.100000 2.400000 6965.193332
2.100000 2.500000 9525.447058
2.100000 2.600000 13033.582418
2.100000 2.700000 17838.695582
2.100000 2.800000 24418.945579
2.100000 2.900000 33429.136124
2.100000 3.000000 45765.875438
2.100000 3.100000 62656.798146
2.150000 0.000000 -6414.036216
2.150000 0.100000 -4681.582634
2.150000 0.200000 -3414.995501
2.150000 0.300000 -2488.236146
2.150000 0.400000 -1809.082320
2.150000 0.500000 -1309.951110
2.150000 0.600000 -941.173740
2.150000 0.700000 -666.053004
2.150000 0.800000 -457.211509
2.150000 0.900000 -293.867343
2.150000 1.000000 -159.766051
2.150000 1.100000 -41.563154
2.150000 1.200000 72.503776
2.150000 1.300000 193.785589
2.150000 1.400000 334.351096
2.150000 1.500000 508.188035
2.150000 1.600000 732.595000
2.150000 1.700000 1029.902831
2.150000 1.800000 1429.696768
2.150000 1.900000 1971.760491
2.150000 2.000000 2710.035011
2.150000 2.100000 3717.986366
2.150000 2.200000 5095.916261
2.150000 2.300000 6980.943136
2.150000 2.400000 9560.646885
2.150000 2.500000 13091.735019
2.150000 2.600000 17925.587749
2.150000 2.700000 24543.223992
2.150000 2.800000 33603.167785
2.150000 2.900000 46006.978318
2.150000 3.000000 62988.964504
2.150000 3.100000 86239.011628
2.200000 0.000000 -43586.252076
2.200000 0.100000 -31831.699048
2.200000 0.200000 -23244.733087
2.200000 0.300000 -16970.861247
2.200000 0.400000 -12385.767646
2.200000 0.500000 -9033.187500
2.200000 0.600000 -6579.504013
2.200000 0.700000 -4780.550008
2.200000 0.800000 -3457.310742
2.200000 0.900000 -2478.110064
2.200000 1.000000 -1745.507262
2.200000 1.100000 -1186.600693
2.200000 1.200000 -745.773308
2.200000 1.300000 -379.158168
2.200000 1.400000 -50.273233
2.200000 1.500000 273.608989
2.200000 1.600000 624.718169
2.200000 1.700000 1037.993341
2.200000 1.800000 1554.559711
2.200000 1.900000 2225.821034
2.200000 2.000000 3118.574837
2.200000 2.100000 4321.659461
2.200000 2.200000 5954.794414
2.200000 2.300000 8180.493708
2.200000 2.400000 11220.237707
2.200000 2.500000 15376.512741
2.200000 2.600000 21062.911656
2.200000 2.700000 28845.290635
2.200000 2.800000 39498.077802
2.200000 2.900000 54081.336926
2.200000 3.000000 74046.254855
2.200000 3.100000 101379.549791
2.250000 0.000000 -76491.941900
2.250000 0.100000 -55865.906974
2.250000 0.200000 -40799.114243
2.250000 0.300000 -29792.260207
2.250000 0.400000 -21750.047737
2.250000 0.500000 -15872.192560
2.250000 0.600000 -11573.786592
2.250000 0.700000 -8427.093470
2.250000 0.800000 -6118.984311
2.250000 0.900000 -4419.778105
2.250000 1.000000 -3160.386060
2.250000 1.100000 -2215.485490
2.250000 1.200000 -1491.048904
2.250000 1.300000 -914.987282
2.250000 1.400000 -429.976468
2.250000 1.500000 12.247190
2.250000 1.600000 455.689571
2.250000 1.700000 944.477831
2.250000 1.800000 1527.251517
2.250000 1.900000 2262.002706
2.250000 2.000000 3221.846829
2.250000 2.100000 4502.298418
2.250000 2.200000 6230.775800
2.250000 2.300000 8579.280559
2.250000 2.400000 11781.513487
2.250000 2.500000 16156.130261
2.250000 2.600000 22138.451017
2.250000 2.700000 30323.779254
2.250000 2.800000 41526.640764
2.250000 2.900000 56861.837468
2.250000 3.000000 77855.381870
2.250000 3.100000 106596.351266
2.300000 0.000000 -101910.067500
2.300000 0.100000 -74431.570686
2.300000 0.200000 -54359.793833
2.300000 0.300000 -39697.385162
2.300000 0.400000 -28985.281615
2.300000 0.500000 -21157.516823
2.300000 0.600000 -15435.146299
2.300000 0.700000 -11248.734308
2.300000 0.800000 -8181.689062
2.300000 0.900000 -5928.807472
2.300000 1.000000 -4265.904250
2.300000 1.100000 -3027.503130
2.300000 1.200000 -2090.370244
2.300000 1.300000 -1361.251066
2.300000 1.400000 -767.590610
2.300000 1.500000 -250.313450
2.300000 1.600000 242.054903
2.300000 1.700000 758.510251
2.300000 1.800000 1350.445304
2.300000 1.900000 2076.763793
2.300000 2.000000 3009.742006
2.300000 2.100000 4242.221035
2.300000 2.200000 5896.845438
2.300000 2.300000 8138.267653
2.300000 2.400000 11189.532640
2.300000 2.500000 15354.273185
2.300000 2.600000 21046.924544
2.300000 2.700000 28833.965081
2.300000 2.800000 39490.286795
2.300000 2.900000 54076.305179
2.300000 3.000000 74043.481657
2.300000 3.100000 101378.759180
2.350000 0.000000 -117352.525644
2.350000 0.100000 -85711.353663
2.350000 0.200000 -62599.358056
2.350000 0.300000 -45716.653470
2.350000 0.400000 -33383.234176
2.350000 0.500000 -24371.795927
2.350000 0.600000 -17785.606343
2.350000 0.700000 -12969.270658
2.350000 0.800000 -9443.513083
2.350000 0.900000 -6857.483855
2.350000 1.000000 -4953.846011
2.350000 1.100000 -3543.167670
2.350000 1.200000 -2485.071581
2.350000 1.300000 -1674.266111
2.350000 1.400000 -1030.067635
2.350000 1.500000 -488.371666
2.350000 1.600000 4.726214
2.350000 1.700000 498.294402
2.350000 1.800000 1041.448096
2.350000 1.900000 1688.236770
2.350000 2.000000 2503.022665
2.350000 2.100000 3566.885501
2.350000 2.200000 4985.690759
2.350000 2.300000 6900.624407
2.350000 2.400000 9502.242376
2.350000 2.500000 13049.432870
2.350000 2.600000 17895.178454
2.350000 2.700000 24521.681508
2.350000 2.800000 33588.348409
2.350000 2.900000 45997.407367
2.350000 3.000000 62983.689569
2.350000 3.100000 86237.507797
2.400000 0.000000 -121307.700935
2.400000 0.100000 -88601.112158
2.400000 0.200000 -64711.260957
2.400000 0.300000 -47260.857209
2.400000 0.400000 -34513.403181
2.400000 0.500000 -25200.393838
2.400000 0.600000 -18395.087319
2.400000 0.700000 -13420.284433
2.400000 0.800000 -9780.940246
2.400000 0.900000 -7114.901939
2.400000 1.000000 -5156.870808
2.400000 1.100000 -3712.002272
2.400000 1.200000 -2636.516796
2.400000 1.300000 -1823.392324
2.400000 1.400000 -1191.714464
2.400000 1.500000 -678.624660
2.400000 1.600000 -233.065109
2.400000 1.700000 189.302025
2.400000 1.800000 630.506691
2.400000 1.900000 1134.453369
2.400000 2.000000 1751.290026
2.400000 2.100000 2542.398361
2.400000 2.200000 3586.501932
2.400000 2.300000 4987.499965
2.400000 2.400000 6884.806422
2.400000 2.500000 9467.223145
2.400000 2.600000 12991.727614
2.400000 2.700000 17809.044896
2.400000 2.800000 24398.548457
2.400000 2.900000 33415.962840
2.400000 3.000000 45758.615112
2.400000 3.100000 62654.728299
2.450000 0.000000 -113388.433257
2.450000 0.100000 -82817.976474
2.450000 0.200000 -60488.774765
2.450000 0.300000 -44178.838959
2.450000 0.400000 -32265.159814
2.450000 0.500000 -23562.201618
2.450000 0.600000 -17203.928983
2.450000 0.700000 -12557.627263
2.450000 0.800000 -9160.940830
2.450000 0.900000 -6675.863849
2.450000 1.000000 -4855.105161
2.450000 1.100000 -3517.480229
2.450000 1.200000 -2529.881378
2.450000 1.300000 -1794.032192
2.450000 1.400000 -1236.707977
2.450000 1.500000 -802.449144
2.450000 1.600000 -448.042395
2.450000 1.700000 -138.220553
2.450000 1.800000 157.846899
2.450000 1.900000 469.621769
2.450000 2.000000 828.128917
2.450000 2.100000 1269.043557
2.450000 2.200000 1836.241306
2.450000 2.300000 2586.164276
2.450000 2.400000 3593.437647
2.450000 2.500000 4958.295657
2.450000 2.600000 6816.555957
2.450000 2.700000 9353.134887
2.450000 2.800000 12820.448588
2.450000 2.900000 17563.531047
2.450000 3.000000 24054.368589
2.450000 3.100000 32938.867454
2.500000 0.000000 -94369.915709
2.500000 0.100000 -68928.040227
2.500000 0.200000 -50345.225850
2.500000 0.300000 -36772.288140
2.500000 0.400000 -26858.577799
2.500000 0.500000 -19617.576936
2.500000 0.600000 -14328.730210
2.500000 0.700000 -10465.742043
2.500000 0.800000 -7644.204698
2.500000 0.900000 -5583.345692
2.500000 1.000000 -4078.087993
2.500000 1.100000 -2978.642713
2.500000 1.200000 -2175.603544
2.500000 1.300000 -1589.059689
2.500000 1.400000 -1160.643897
2.500000 1.500000 -847.724315
2.500000 1.600000 -619.162171
2.500000 1.700000 -452.213140
2.500000 1.800000 -330.264047
2.500000 1.900000 -241.179683
2.500000 2.000000 -176.095220
2.500000 2.100000 -128.534073
2.500000 2.200000 -93.763412
2.500000 2.300000 -68.323191
2.500000 2.400000 -49.681843
2.500000 2.500000 -35.984357
2.500000 2.600000 -25.867691
2.500000 2.700000 -18.325132
2.500000 2.800000 -12.606114
2.500000 2.900000 -8.141537
2.500000 3.000000 -4.487128
2.500000 3.100000 -1.279235
2.550000 0.000000 -66113.813297
2.550000 0.100000 -48290.947152
2.550000 0.200000 -35273.535452
2.550000 0.300000 -25766.209550
2.550000 0.400000 -18822.891055
2.550000 0.500000 -13752.647140
2.550000 0.600000 -10050.935491
2.550000 0.700000 -7349.397072
2.550000 0.800000 -5379.200549
2.550000 0.900000 -3944.290757
2.550000 1.000000 -2901.879158
2.550000 1.100000 -2148.234895
2.550000 1.200000 -1608.362477
2.550000 1.300000 -1228.538952
2.550000 1.400000 -970.967905
2.550000 1.500000 -810.018323
2.550000 1.600000 -729.674038
2.550000 1.700000 -721.939954
2.550000 1.800000 -786.046448
2.550000 1.900000 -928.372787
2.550000 2.000000 -1163.081930
2.550000 2.100000 -1513.529893
2.550000 2.200000 -2014.589914
2.550000 2.300000 -2716.122708
2.550000 2.400000 -3687.938127
2.550000 2.500000 -5026.741971
2.550000 2.600000 -6865.759230
2.550000 2.700000 -9387.991359
2.550000 2.800000 -12844.426842
2.550000 2.900000 -17579.017171
2.550000 3.000000 -24062.903614
2.550000 3.100000 -32941.300705
2.600000 0.000000 -31386.030198
2.600000 0.100000 -22926.799707
2.600000 0.200000 -16749.025639
2.600000 0.300000 -12237.954845
2.600000 0.400000 -8944.688588
2.600000 0.500000 -6541.512421
2.600000 0.600000 -4789.285176
2.600000 0.700000 -3513.641910
2.600000 0.800000 -2587.642772
2.600000 0.900000 -1919.141161
2.600000 1.000000 -1441.614173
2.600000 1.100000 -1107.542877
2.600000 1.200000 -883.683684
2.600000 1.300000 -747.760263
2.600000 1.400000 -686.246810
2.600000 1.500000 -693.022095
2.600000 1.600000 -768.760328
2.600000 1.700000 -920.998256
2.600000 1.800000 -1164.885145
2.600000 1.900000 -1524.690294
2.600000 2.000000 -2036.218077
2.600000 2.100000 -2750.370861
2.600000 2.200000 -3738.214319
2.600000 2.300000 -5098.049210
2.600000 2.400000 -6965.193332
2.600000 2.500000 -9525.447058
2.600000 2.600000 -13033.582418
2.600000 2.700000 -17838.695582
2.600000 2.800000 -24418.945579
2.600000 2.900000 -33429.136124
2.600000 3.000000 -45765.875438
2.600000 3.100000 -62656.798146
2.650000 0.000000 6414.036216
2.650000 0.100000 4681.582634
2.650000 0.200000 3414.995501
2.650000 0.300000 2488.236146
2.650000 0.400000 1809.082320
2.650000 0.500000 1309.951110
2.650000 0.600000 941.173740
2.650000 0.700000 666.053004
2.650000 0.800000 457.211509
2.650000 0.900000 293.867343
2.650000 1.000000 159.766051
2.650000 1.100000 41.563154
2.650000 1.200000 -72.503776
2.650000 1.300000 -193.785589
2.650000 1.400000 -334.351096
2.650000 1.500000 -508.188035
2.650000 1.600000 -732.595000
2.650000 1.700000 -1029.902831
2.650000 1.800000 -1429.696768
2.650000 1.900000 -1971.760491
2.650000 2.000000 -2710.035011
2.650000 2.100000 -3717.986366
2.650000 2.200000 -5095.916261
2.650000 2.300000 -6980.943136
2.650000 2.400000 -9560.646885
2.650000 2.500000 -13091.735019
2.650000 2.600000 -17925.587749
2.650000 2.700000 -24543.223992
2.650000 2.800000 -33603.167785
2.650000 2.900000 -46006.978318
2.650000 3.000000 -62988.964504
2.650000 3.100000 -86239.011628
2.700000 0.000000 43586.252076
2.700000 0.100000 31831.699048
2.700000 0.200000 23244.733087
2.700000 0.300000 16970.861247
2.700000 0.400000 12385.767646
2.700000 0.500000 9033.187500
2.700000 0.600000 6579.504013
2.700000 0.700000 4780.550008
2.700000 0.800000 3457.310742
2.700000 0.900000 2478.110064
2.700000 1.000000 1745.507262
2.700000 1.100000 1186.600693
2.700000 1.200000 745.773308
2.700000 1.300000 379.158168
2.700000 1.400000 50.273233
2.700000 1.500000 -273.608989
2.700000 1.600000 -624.718169
2.700000 1.700000 -1037.993341
2.700000 1.800000 -1554.559711
2.700000 1.900000 -2225.821034
2.700000 2.000000 -3118.574837
2.700000 2.100000 -4321.659461
2.700000 2.200000 -5954.794414
2.700000 2.300000 -8180.493708
2.700000 2.400000 -11220.237707
2.700000 2.500000 -15376.512741
2.700000 2.600000 -21062.911656
2.700000 2.700000 -28845.290635
2.700000 2.800000 -39498.077802
2.700000 2.900000 -54081.336926
2.700000 3.000000 -74046.254855
2.700000 3.100000 -101379.549791
2.750000 0.000000 76491.941900
2.750000 0.100000 55865.906974
2.750000 0.200000 40799.114243
2.750000 0.300000 29792.260207
2.750000 0.400000 21750.047737
2.750000 0.500000 15872.192560
2.750000 0.600000 11573.786592
2.750000 0.700000 8427.093470
2.750000 0.800000 6118.984311
2.750000 0.900000 4419.778105
2.750000 1.000000 3160.386060
2.750000 1.100000 2215.485490
2.750000 1.200000 1491.048904
2.750000 1.300000 914.987282
2.750000 1.400000 429.976468
2.750000 1.500000 -12.247190
2.750000 1.600000 -455.689571
2.750000 1.700000 -944.477831
2.750000 1.800000 -1527.251517
2.750000 1.900000 -2262.002706
2.750000 2.000000 -3221.846829
2.750000 2.100000 -4502.298418
2.750000 2.200000 -6230.775800
2.750000 2.300000 -8579.280559
2.750000 2.400000 -11781.513487
2.750000 2.500000 -16156.130261
2.750000 2.600000 -22138.451017
2.750000 2.700000 -30323.779254
2.750000 2.800000 -41526.640764
2.750000 2.900000 -56861.837468
2.750000 3.000000 -77855.381870
2.750000 3.100000 -106596.351266
2.800000 0.000000 101910.067500
2.800000 0.100000 74431.570686
2.800000 0.200000 54359.793833
2.800000 0.300000 39697.385162
2.800000 0.400000 28985.281615
2.800000 0.500000 21157.516823
2.800000 0.600000 15435.146299
2.800000 0.700000 11248.734308
2.800000 0.800000 8181.689062
2.800000 0.900000 5928.807472
2.800000 1.000000 4265.904250
2.800000 1.100000 3027.503130
2.800000 1.200000 2090.370244
2.800000 1.300000 1361.251066
2.800000 1.400000 767.590610
2.800000 1.500000 250.313450
2.800000 1.600000 -242.054903
2.800000 1.700000 -758.510251
2.800000 1.800000 -1350.445304
2.800000 1.900000 -2076.763793
2.800000 2.000000 -3009.742006
2.800000 2.100000 -4242.221035
2.800000 2.200000 -5896.845438
2.800000 2.300000 -8138.267653
2.800000 2.400000 -11189.532640
2.800000 2.500000 -15354.273185
2.800000 2.600000 -21046.924544
2.800000 2.700000 -28833.965081
2.800000 2.800000 -39490.286795
2.800000 2.900000 -54076.305179
2.800000 3.000000 -74043.481657
2.800000 3.100000 -101378.759180
2.850000 0.000000 117352.525644
2.850000 0.100000 85711.353663
2.850000 0.200000 62599.358056
2.850000 0.300000 45716.653470
2.850000 0.400000 33383.234176
2.850000 0.500000 24371.795927
2.850000 0.600000 17785.606343
2.850000 0.700000 12969.270658
2.850000 0.800000 9443.513083
2.850000 0.900000 6857.483855
2.850000 1.000000 4953.846011
2.850000 1.100000 3543.167670
2.850000 1.200000 2485.071581
2.850000 1.300000 1674.266111
2.850000 1.400000 1030.067635
2.850000 1.500000 488.371666
2.850000 1.600000 -4.726214
2.850000 1.700000 -498.294402
2.850000 1.800000 -1041.448096
2.850000 1.900000 -1688.236770
2.850000 2.000000 -2503.022665
2.850000 2.100000 -3566.885501
2.850000 2.200000 -4985.690759
2.850000 2.300000 -6900.624407
2.850000 2.400000 -9502.242376
2.850000 2.500000 -13049.432870
2.850000 2.600000 -17895.178454
2.850000 2.700000 -24521.681508
2.850000 2.800000 -33588.348409
2.850000 2.900000 -45997.407367
2.850000 3.000000 -62983.689569
2.850000 3.100000 -86237.507797
2.900000 0.000000 121307.700935
2.900000 0.100000 88601.112158
2.900000 0.200000 64711.260957
2.900000 0.300000 47260.857209
2.900000 0.400000 34513.403181
2.900000 0.500000 25200.393838
2.900000 0.600000 18395.087319
2.900000 0.700000 13420.284433
2.900000 0.800000 9780.940246
2.900000 0.900000 7114.901939
2.900000 1.000000 5156.870808
2.900000 1.100000 3712.002272
2.900000 1.200000 2636.516796
2.900000 1.300000 1823.392324
2.900000 1.400000 1191.714464
2.900000 1.500000 678.624660
2.900000 1.600000 233.065109
2.900000 1.700000 -189.302025
2.900000 1.800000 -630.506691
2.900000 1.900000 -1134.453369
2.900000 2.000000 -1751.290026
2.900000 2.100000 -2542.398361
2.900000 2.200000 -3586.501932
2.900000 2.300000 -4987.499965
2.900000 2.400000 -6884.806422
2.900000 2.500000 -9467.223145
2.900000 2.600000 -12991.727614
2.900000 2.700000 -17809.044896
2.900000 2.800000 -24398.548457
2.900000 2.900000 -33415.962840
2.900000 3.000000 -45758.615112
2.900000 3.100000 -62654.728299
2.950000 0.000000 113388.433257
2.950000 0.100000 82817.976474
2.950000 0.200000 60488.774765
2.950000 0.300000 44178.838959
2.950000 0.400000 32265.159814
2.950000 0.500000 23562.201618
2.950000 0.600000 17203.928983
2.950000 0.700000 12557.627263
2.950000 0.800000 9160.940830
2.950000 0.900000 6675.863849
2.950000 1.000000 4855.105161
2.950000 1.100000 3517.480229
2.950000 1.200000 2529.881378
2.950000 1.300000 1794.032192
2.950000 1.400000 1236.707977
2.950000 1.500000 802.449144
2.950000 1.600000 448.042395
2.950000 1.700000 138.220553
2.950000 1.800000 -157.846899
2.950000 1.900000 -469.621769
2.950000 2.000000 -828.128917
2.950000 2.100000 -1269.043557
2.950000 2.200000 -1836.241306
2.950000 2.300000 -2586.164276
2.950000 2.400000 -3593.437647
2.950000 2.500000 -4958.295657
2.950000 2.600000 -6816.555957
2.950000 2.700000 -9353.134887
2.950000 2.800000 -12820.448588
2.950000 2.900000 -17563.531047
2.950000 3.000000 -24054.368589
2.950000 3.100000 -32938.867454
3.000000 0.000000 94369.915709
3.000000 0.100000 68928.040227
3.000000 0.200000 50345.225850
3.000000 0.300000 36772.288140
3.000000 0.400000 26858.577799
3.000000 0.500000 19617.576936
3.000000 0.600000 14328.730210
3.000000 0.700000 10465.742043
3.000000 0.800000 7644.204698
3.000000 0.900000 5583.345692
3.000000 1.000000 4078.087993
3.000000 1.100000 2978.642713
3.000000 1.200000 2175.603544
3.000000 1.300000 1589.059689
3.000000 1.400000 1160.643897
3.000000 1.500000 847.724315
3.000000 1.600000 619.162171
3.000000 1.700000 452.213140
3.000000 1.800000 330.264047
3.000000 1.900000 241.179683
3.000000 2.000000 176.095220
3.000000 2.100000 128.534073
3.000000 2.200000 93.763412
3.000000 2.300000 68.323191
3.000000 2.400000 49.681843
3.000000 2.500000 35.984357
3.000000 2.600000 25.867691
3.000000 2.700000 18.325132
3.000000 2.800000 12.606114
3.000000 2.900000 8.141537
3.000000 3.000000 4.487128
3.000000 3.100000 1.279235
3.050000 0.000000 66113.813297
3.050000 0.100000 48290.947152
3.050000 0.200000 35273.535452
3.050000 0.300000 25766.209550
3.050000 0.400000 18822.891055
3.050000 0.500000 13752.647140
3.050000 0.600000 10050.935491
3.050000 0.700000 7349.397072
3.050000 0.800000 5379.200549
3.050000 0.900000 3944.290757
3.050000 1.000000 2901.879158
3.050000 1.100000 2148.234895
3.050000 1.200000 1608.362477
3.050000 1.300000 1228.538952
3.050000 1.400000 970.967905
3.050000 1.500000 810.018323
3.050000 1.600000 729.674038
3.050000 1.700000 721.939954
3.050000 1.800000 786.046448
3.050000 1.900000 928.372787
3.050000 2.000000 1163.081930
3.050000 2.100000 1513.529893
3.050000 2.200000 2014.589914
3.050000 2.300000 2716.122708
3.050000 2.400000 3687.938127
3.050000 2.500000 5026.741971
3.050000 2.600000 6865.759230
3.050000 2.700000 9387.991359
3.050000 2.800000 12844.426842
3.050000 2.900000 17579.017171
3.050000 3.000000 24062.903614
3.050000 3.100000 32941.300705
3.100000 0.000000 31386.030198
3.100000 0.100000 22926.799707
3.100000 0.200000 16749.025639
3.100000 0.300000 12237.954845
3.100000 0.400000 8944.688588
3.100000 0.500000 6541.512421
3.100000 0.600000 4789.285176
3.100000 0.700000 3513.641910
3.100000 0.800000 2587.642772
3.100000 0.900000 1919.141161
3.100000 1.000000 1441.614173
3.100000 1.100000 1107.542877
3.100000 1.200000 883.683684
3.100000 1.300000 747.760263
3.100000 1.400000 686.246810
3.100000 1.500000 693.022095
3.100000 1.600000 768.760328
3.100000 1.700000 920.998256
3.100000 1.800000 1164.885145
3.100000 1.900000 1524.690294
3.100000 2.000000 2036.218077
3.100000 2.100000 2750.370861
3.100000 2.200000 3738.214319
3.100000 2.300000 5098.049210
3.100000 2.400000 6965.193332
3.100000 2.500000 9525.447058
3.100000 2.600000 13033.582418
3.100000 2.700000 17838.695582
3.100000 2.800000 24418.945579
3.100000 2.900000 33429.136124
3.100000 3.000000 45765.875438
3.100000 3.100000 62656.798146
3.150000 0.000000 -6414.036216
3.150000 0.100000 -4681.582634
3.150000 0.200000 -3414.995501
3.150000 0.300000 -2488.236146
3.150000 0.400000 -1809.082320
3.150000 0.500000 -1309.951110
3.150000 0.600000 -941.173740
3.150000 0.700000 -666.053004
3.150000 0.800000 -457.211509
3.150000 0.900000 -293.867343
3.150000 1.000000 -159.766051
3.150000 1.100000 -41.563154
3.150000 1.200000 72.503776
3.150000 1.300000 193.785589
3.150000 1.400000 334.351096
3.150000 1.500000 508.188035
3.150000 1.600000 732.595000
3.150000 1.700000 1029.902831
3.150000 1.800000 1429.696768
3.150000 1.900000 1971.760491
3.150000 2.000000 2710.035011
3.150000 2.100000 3717.986366
3.150000 2.200000 5095.916261
3.150000 2.300000 6980.943136
3.150000 2.400000 9560.646885
3.150000 2.500000 13091.735019
3.150000 2.600000 17925.587749
3.150000 2.700000 24543.223992
3.150000 2.800000 33603.167785
3.150000 2.900000 46006.978318
3.150000 3.000000 62988.964504
3.150000 3.100000 86239.011628
